3.619011261691162673e+01
3.320541865088538458e+01
3.090535176239896487e+01
3.514126624046195246e+01
3.778172380822292098e+01
3.675524475524475321e+01
3.665562913907285036e+01
3.748418388865457729e+01
3.462233828846926542e+01
3.551899047383397345e+01
3.954173850175185123e+01
3.945615982241952935e+01
3.381479111436146212e+01
3.299569738257439866e+01
3.371215565051368657e+01
3.381396406640891428e+01
3.249355286649474550e+01
3.516045445485350029e+01
3.419851310812573075e+01
3.432376121025455262e+01
3.628388368654509577e+01
3.225737835681999144e+01
3.082080086972277755e+01
3.528007163466321572e+01
3.417668631911239174e+01
3.568604084285792055e+01
3.304911858555212945e+01
3.664517439203939375e+01
3.733732236350037681e+01
3.651538862806468444e+01
