5.312000000000000000e+03
6.808000000000000000e+03
5.161000000000000000e+03
5.890000000000000000e+03
5.629000000000000000e+03
7.299000000000000000e+03
5.931000000000000000e+03
5.282000000000000000e+03
7.107000000000000000e+03
5.362000000000000000e+03
5.611000000000000000e+03
5.786000000000000000e+03
7.516000000000000000e+03
8.048000000000000000e+03
5.633000000000000000e+03
5.721000000000000000e+03
5.456000000000000000e+03
5.445000000000000000e+03
6.031000000000000000e+03
5.405000000000000000e+03
5.144000000000000000e+03
5.420000000000000000e+03
5.268000000000000000e+03
5.291000000000000000e+03
5.567000000000000000e+03
5.064000000000000000e+03
5.362000000000000000e+03
5.046000000000000000e+03
5.215000000000000000e+03
5.166000000000000000e+03
