2.002000000000000000e+03
2.002000000000000000e+03
2.002000000000000000e+03
2.002000000000000000e+03
2.003000000000000000e+03
2.003000000000000000e+03
2.003000000000000000e+03
2.003000000000000000e+03
2.003000000000000000e+03
2.003000000000000000e+03
2.003000000000000000e+03
2.004000000000000000e+03
2.004000000000000000e+03
2.004000000000000000e+03
2.005000000000000000e+03
2.006000000000000000e+03
2.006000000000000000e+03
2.007000000000000000e+03
2.007000000000000000e+03
2.008000000000000000e+03
2.010000000000000000e+03
2.011000000000000000e+03
2.011000000000000000e+03
2.012000000000000000e+03
2.013000000000000000e+03
2.017000000000000000e+03
2.018000000000000000e+03
2.018000000000000000e+03
2.019000000000000000e+03
2.020000000000000000e+03
